114,8
114,7
4294967278,424
148,5
148,4
148,3
148,2
148,1
148,0
4294967279,422
4294967279,421
4294967278,423
4294967294,491
147,8
147,7
147,6
147,5
147,4
147,3
147,2
147,1
147,0
4294967278,422
4294967279,420
146,7
146,6
146,5
146,4
146,3
146,2
146,1
146,0
4294967278,421
4294967294,911
4294967279,419
145,7
145,6
145,5
145,4
145,3
145,2
145,1
145,0
4294967279,418
4294967294,1467
144,9
144,8
144,7
144,6
144,5
144,4
144,3
144,2
144,1
144,0
4294967278,420
143,8
143,7
143,6
143,5
143,4
143,3
143,2
143,1
143,0
4294967278,419
142,4
142,3
142,2
142,1
142,0
141,6
141,5
141,4
141,3
141,2
141,1
141,0
4294967279,417
140,6
140,5
140,4
140,3
140,2
140,1
140,0
4294967279,416
4294967278,418
139,6
139,5
139,4
139,3
139,2
139,1
139,0
4294967278,417
4294967294,1411
4294967278,416
138,6
138,5
138,4
138,3
138,2
138,1
138,0
4294967279,415
4294967278,415
4294967294,1444
137,6
137,5
137,4
137,3
137,2
137,1
137,0
4294967278,414
136,6
136,5
136,4
136,3
136,2
136,1
136,0
4294967279,414
4294967294,490
4294967294,1466
4294967279,413
135,7
135,6
135,5
135,4
135,3
135,2
135,1
135,0
4294967279,412
4294967279,411
134,6
134,5
134,4
134,3
134,2
134,1
134,0
133,6
133,5
133,4
133,3
133,2
133,1
133,0
4294967278,413
4294967278,412
132,6
132,5
132,4
132,3
132,2
132,1
132,0
4294967279,410
4294967278,411
4294967279,409
131,5
131,4
131,3
131,2
131,1
131,0
4294967278,410
4294967278,409
130,5
130,4
130,3
130,2
130,1
130,0
129,8
129,7
129,6
129,5
129,4
129,3
129,2
129,1
129,0
4294967294,1465
4294967278,408
128,10
128,9
128,8
128,7
128,6
128,5
128,4
128,3
128,2
128,1
128,0
4294967294,1464
127,10
127,9
127,8
127,7
127,6
127,5
127,4
127,3
127,2
127,1
127,0
4294967278,407
126,8
126,7
126,6
126,5
126,4
126,3
126,2
126,1
126,0
4294967278,406
4294967278,405
4294967279,408
4294967278,404
125,5
125,4
125,3
125,2
125,1
125,0
124,8
124,7
124,6
124,5
124,4
124,3
124,2
124,1
124,0
4294967279,407
4294967294,489
123,6
123,5
123,4
123,3
123,2
123,1
123,0
4294967279,406
4294967294,1439
122,6
122,5
122,4
122,3
122,2
122,1
122,0
121,8
121,7
121,6
121,5
121,4
121,3
121,2
121,1
121,0
4294967279,405
120,6
120,5
120,4
120,3
120,2
120,1
120,0
119,6
119,5
119,4
119,3
119,2
119,1
119,0
4294967294,1463
118,8
118,7
118,6
118,5
118,4
118,3
118,2
118,1
118,0
4294967294,1462
117,8
117,7
117,6
117,5
117,4
117,3
117,2
117,1
117,0
4294967294,1461
116,8
116,7
116,6
116,5
116,4
116,3
116,2
116,1
116,0
4294967294,1460
115,8
115,7
115,6
115,5
115,4
115,3
115,2
115,1
115,0
114,6
114,5
114,4
114,3
114,2
114,1
114,0
4294967279,404
4294967294,1459
113,8
113,7
113,6
113,5
113,4
113,3
113,2
113,1
113,0
4294967278,403
4294967294,1458
112,8
112,7
112,6
112,5
112,4
112,3
112,2
112,1
112,0
4294967278,402
111,8
111,7
111,6
111,5
111,4
111,3
111,2
111,1
111,0
4294967278,401
4294967279,403
110,8
110,7
110,6
110,5
110,4
110,3
110,2
110,1
110,0
4294967279,402
109,8
109,7
109,6
109,5
109,4
109,3
109,2
109,1
109,0
4294967294,488
108,8
108,7
108,6
108,5
108,4
108,3
108,2
108,1
108,0
4294967279,401
4294967278,400
107,7
107,6
107,5
107,4
107,3
107,2
107,1
107,0
4294967294,1438
106,7
106,6
106,5
106,4
106,3
106,2
106,1
106,0
4294967278,399
4294967279,400
105,7
105,6
105,5
105,4
105,3
105,2
105,1
105,0
4294967294,1442
4294967279,399
104,7
104,6
104,5
104,4
104,3
104,2
104,1
104,0
4294967294,1434
103,6
103,5
103,4
103,3
103,2
103,1
103,0
4294967294,1457
102,8
102,7
102,6
102,5
102,4
102,3
102,2
102,1
102,0
4294967294,1456
4294967279,398
101,8
101,7
101,6
101,5
101,4
101,3
101,2
101,1
101,0
4294967294,1455
100,8
100,7
100,6
100,5
100,4
100,3
100,2
100,1
100,0
4294967279,397
4294967278,398
4294967294,487
4294967294,1454
99,9
99,8
99,7
99,6
99,5
99,4
99,3
99,2
99,1
99,0
4294967278,397
4294967294,1453
98,9
98,8
98,7
98,6
98,5
98,4
98,3
98,2
98,1
98,0
4294967279,396
4294967294,1452
97,10
97,9
97,8
97,7
97,6
97,5
97,4
97,3
97,2
97,1
97,0
4294967294,1451
96,10
96,9
96,8
96,7
96,6
96,5
96,4
96,3
96,2
96,1
96,0
4294967294,1450
4294967278,396
95,9
95,8
95,7
95,6
95,5
95,4
95,3
95,2
95,1
95,0
4294967294,1449
94,9
94,8
94,7
94,6
94,5
94,4
94,3
94,2
94,1
94,0
4294967294,1448
93,9
93,8
93,7
93,6
93,5
93,4
93,3
93,2
93,1
93,0
4294967294,1447
92,9
92,8
92,7
92,6
92,5
92,4
92,3
92,2
92,1
92,0
4294967294,1446
4294967278,395
4294967279,395
91,9
91,8
91,7
91,6
91,5
91,4
91,3
91,2
91,1
91,0
4294967278,394
4294967278,393
4294967294,1445
90,12
90,11
90,10
90,9
90,8
90,7
90,6
90,5
90,4
90,3
90,2
90,1
90,0
4294967279,394
89,12
89,11
89,10
89,9
89,8
89,7
89,6
89,5
89,4
89,3
89,2
89,1
89,0
4294967294,1443
88,11
88,10
88,9
88,8
88,7
88,6
88,5
88,4
88,3
88,2
88,1
88,0
87,6
87,5
87,4
87,3
87,2
87,1
87,0
4294967279,393
86,5
86,4
86,3
86,2
86,1
86,0
4294967294,1412
